 54000111  28   3   u    0       0          0              0  ZDC_EM    -1     1    -99
 54000112  28   3   u    0       0          0              1  ZDC_EM    -1     2    -99
 54000113  28   3   u    0       0          0              2  ZDC_EM    -1     3    -99
 54000114  28   3   u    0       0          0              3  ZDC_EM    -1     4    -99
 54000115  28   3   u    0       0          1              0  ZDC_EM    -1     5    -99
 54000121  28   3   u    0       0          1              1 ZDC_HAD    -1     1    -99
 54000122  28   3   u    0       0          1              2 ZDC_HAD    -1     2    -99
 54000123  28   3   u    0       0          1              3 ZDC_HAD    -1     3    -99
 54000124  28   3   u    0       0          2              0 ZDC_HAD    -1     4    -99
 54000116  28   3   u    0       0          2              1  ZDC_EM    -1     6    -99
 54000117  28   3   u    0       0          2              2  ZDC_EM    -1     7    -99
 54000118  28   3   u    0       0          2              3  ZDC_EM    -1     8    -99
 5400018C  28   3   u    0       0          3              0 ZDC_RPD    -1    13    -99
 5400018D  28   3   u    0       0          3              1 ZDC_RPD    -1    14    -99
 5400018E  28   3   u    0       0          3              2 ZDC_RPD    -1    15    -99
 5400018F  28   3   u    0       0          3              3 ZDC_RPD    -1    16    -99
 54000184  28   3   u    0       0          4              0 ZDC_RPD    -1     5    -99
 54000185  28   3   u    0       0          4              1 ZDC_RPD    -1     6    -99
 54000186  28   3   u    0       0          4              2 ZDC_RPD    -1     7    -99
 54000187  28   3   u    0       0          4              3 ZDC_RPD    -1     8    -99
 54000188  28   3   u    0       0          5              0 ZDC_RPD    -1     9    -99
 54000189  28   3   u    0       0          5              1 ZDC_RPD    -1    10    -99
 5400018A  28   3   u    0       0          5              2 ZDC_RPD    -1    11    -99
 5400018B  28   3   u    0       0          5              3 ZDC_RPD    -1    12    -99
 54000180  28   3   u    0       0          9              0 ZDC_RPD    -1     1    -99
 54000181  28   3   u    0       0          9              1 ZDC_RPD    -1     2    -99
 54000182  28   3   u    0       0          9              2 ZDC_RPD    -1     3    -99
 54000183  28   3   u    0       0          9              3 ZDC_RPD    -1     4    -99
 54000151  28   3   u    0       0         12              0  ZDC_EM     1     1    -99
 54000152  28   3   u    0       0         12              1  ZDC_EM     1     2    -99
 54000153  28   3   u    0       0         12              2  ZDC_EM     1     3    -99
 54000154  28   3   u    0       0         12              3  ZDC_EM     1     4    -99
 54000155  28   3   u    0       0         13              0  ZDC_EM     1     5    -99
 54000161  28   3   u    0       0         13              1 ZDC_HAD     1     1    -99
 54000162  28   3   u    0       0         13              2 ZDC_HAD     1     2    -99
 54000163  28   3   u    0       0         13              3 ZDC_HAD     1     3    -99
 54000164  28   3   u    0       0         14              0 ZDC_HAD     1     4    -99
 54000156  28   3   u    0       0         14              1  ZDC_EM     1     6    -99
 54000157  28   3   u    0       0         14              2  ZDC_EM     1     7    -99
 54000158  28   3   u    0       0         14              3  ZDC_EM     1     8    -99
 540001CC  28   3   u    0       0         15              0 ZDC_RPD     1    13    -99
 540001CD  28   3   u    0       0         15              1 ZDC_RPD     1    14    -99
 540001CE  28   3   u    0       0         15              2 ZDC_RPD     1    15    -99
 540001CF  28   3   u    0       0         15              3 ZDC_RPD     1    16    -99
 540001C4  28   3   u    0       0         16              0 ZDC_RPD     1     5    -99
 540001C5  28   3   u    0       0         16              1 ZDC_RPD     1     6    -99
 540001C6  28   3   u    0       0         16              2 ZDC_RPD     1     7    -99
 540001C7  28   3   u    0       0         16              3 ZDC_RPD     1     8    -99
 540001C8  28   3   u    0       0         17              0 ZDC_RPD     1     9    -99
 540001C9  28   3   u    0       0         17              1 ZDC_RPD     1    10    -99
 540001CA  28   3   u    0       0         17              2 ZDC_RPD     1    11    -99
 540001CB  28   3   u    0       0         17              3 ZDC_RPD     1    12    -99
 540001C0  28   3   u    0       0         21              0 ZDC_RPD     1     1    -99
 540001C1  28   3   u    0       0         21              1 ZDC_RPD     1     2    -99
 540001C2  28   3   u    0       0         21              2 ZDC_RPD     1     3    -99
 540001C3  28   3   u    0       0         21              3 ZDC_RPD     1     4    -99
