               -1               1             -99          ZDC_EM  0.0573900  0.0573900  0.0573900  0.0573900   54000111
               -1               2             -99          ZDC_EM  0.0573900  0.0573900  0.0573900  0.0573900   54000112
               -1               3             -99          ZDC_EM  0.0573900  0.0573900  0.0573900  0.0573900   54000113
               -1               4             -99          ZDC_EM  0.0573900  0.0573900  0.0573900  0.0573900   54000114
               -1               5             -99          ZDC_EM  0.0573900  0.0573900  0.0573900  0.0573900   54000115
               -1               1             -99         ZDC_HAD  0.8322864  0.8322864  0.8322864  0.8322864   54000121
               -1               2             -99         ZDC_HAD  0.3492086  0.3492086  0.3492086  0.3492086   54000122
               -1               3             -99         ZDC_HAD  0.5044702  0.5044702  0.5044702  0.5044702   54000123
               -1               4             -99         ZDC_HAD  0.4948702  0.4948702  0.4948702  0.4948702   54000124
                1               1             -99          ZDC_EM  0.1026100  0.1026100  0.1026100  0.1026100   54000151
                1               2             -99          ZDC_EM  0.1026100  0.1026100  0.1026100  0.1026100   54000152
                1               3             -99          ZDC_EM  0.1026100  0.1026100  0.1026100  0.1026100   54000153
                1               4             -99          ZDC_EM  0.1026100  0.1026100  0.1026100  0.1026100   54000154
                1               5             -99          ZDC_EM  0.1026100  0.1026100  0.1026100  0.1026100   54000155
                1               1             -99         ZDC_HAD  1.0261000  1.0261000  1.0261000  1.0261000   54000161
                1               2             -99         ZDC_HAD  1.0261000  1.0261000  1.0261000  1.0261000   54000162
                1               3             -99         ZDC_HAD  1.0261000  1.0261000  1.0261000  1.0261000   54000163
                1               4             -99         ZDC_HAD  1.0261000  1.0261000  1.0261000  1.0261000   54000164
               -1               1             -99         ZDC_RPD  1.0000000  1.0000000  1.0000000  1.0000000   54000180
               -1               2             -99         ZDC_RPD  1.0000000  1.0000000  1.0000000  1.0000000   54000181
               -1               3             -99         ZDC_RPD  1.0000000  1.0000000  1.0000000  1.0000000   54000182
               -1               4             -99         ZDC_RPD  1.0000000  1.0000000  1.0000000  1.0000000   54000183
               -1               5             -99         ZDC_RPD  1.0000000  1.0000000  1.0000000  1.0000000   54000184
               -1               6             -99         ZDC_RPD  1.0000000  1.0000000  1.0000000  1.0000000   54000185
               -1               7             -99         ZDC_RPD  1.0000000  1.0000000  1.0000000  1.0000000   54000186
               -1               8             -99         ZDC_RPD  1.0000000  1.0000000  1.0000000  1.0000000   54000187
               -1               9             -99         ZDC_RPD  1.0000000  1.0000000  1.0000000  1.0000000   54000188
               -1              10             -99         ZDC_RPD  1.0000000  1.0000000  1.0000000  1.0000000   54000189
               -1              11             -99         ZDC_RPD  1.0000000  1.0000000  1.0000000  1.0000000   5400018A
               -1              12             -99         ZDC_RPD  1.0000000  1.0000000  1.0000000  1.0000000   5400018B
               -1              13             -99         ZDC_RPD  1.0000000  1.0000000  1.0000000  1.0000000   5400018C
               -1              14             -99         ZDC_RPD  1.0000000  1.0000000  1.0000000  1.0000000   5400018D
               -1              15             -99         ZDC_RPD  1.0000000  1.0000000  1.0000000  1.0000000   5400018E
               -1              16             -99         ZDC_RPD  1.0000000  1.0000000  1.0000000  1.0000000   5400018F
                1               1             -99         ZDC_RPD  1.0000000  1.0000000  1.0000000  1.0000000   540001C0
                1               2             -99         ZDC_RPD  1.0000000  1.0000000  1.0000000  1.0000000   540001C1
                1               3             -99         ZDC_RPD  1.0000000  1.0000000  1.0000000  1.0000000   540001C2
                1               4             -99         ZDC_RPD  1.0000000  1.0000000  1.0000000  1.0000000   540001C3
                1               5             -99         ZDC_RPD  1.0000000  1.0000000  1.0000000  1.0000000   540001C4
                1               6             -99         ZDC_RPD  1.0000000  1.0000000  1.0000000  1.0000000   540001C5
                1               7             -99         ZDC_RPD  1.0000000  1.0000000  1.0000000  1.0000000   540001C6
                1               8             -99         ZDC_RPD  1.0000000  1.0000000  1.0000000  1.0000000   540001C7
                1               9             -99         ZDC_RPD  1.0000000  1.0000000  1.0000000  1.0000000   540001C8
                1              10             -99         ZDC_RPD  1.0000000  1.0000000  1.0000000  1.0000000   540001C9
                1              11             -99         ZDC_RPD  1.0000000  1.0000000  1.0000000  1.0000000   540001CA
                1              12             -99         ZDC_RPD  1.0000000  1.0000000  1.0000000  1.0000000   540001CB
                1              13             -99         ZDC_RPD  1.0000000  1.0000000  1.0000000  1.0000000   540001CC
                1              14             -99         ZDC_RPD  1.0000000  1.0000000  1.0000000  1.0000000   540001CD
                1              15             -99         ZDC_RPD  1.0000000  1.0000000  1.0000000  1.0000000   540001CE
                1              16             -99         ZDC_RPD  1.0000000  1.0000000  1.0000000  1.0000000   540001CF
               -1               1             -99         ZDC_LUM  0.0000000  0.0000000  0.0000000  0.0000000   54000131
               -1               2             -99         ZDC_LUM  0.0000000  0.0000000  0.0000000  0.0000000   54000132
                1               1             -99         ZDC_LUM  0.0000000  0.0000000  0.0000000  0.0000000   54000171
                1               2             -99         ZDC_LUM  0.0000000  0.0000000  0.0000000  0.0000000   54000172
