               -1               1             -99          ZDC_EM  2, 1,   54000111
               -1               2             -99          ZDC_EM  2, 1,   54000112
               -1               3             -99          ZDC_EM  2, 1,   54000113
               -1               4             -99          ZDC_EM  2, 1,   54000114
               -1               5             -99          ZDC_EM  2, 1,   54000115
               -1               1             -99         ZDC_HAD  2, 1,   54000121
               -1               2             -99         ZDC_HAD  2, 1,   54000122
               -1               3             -99         ZDC_HAD  2, 1,   54000123
               -1               4             -99         ZDC_HAD  2, 1,   54000124
                1               1             -99          ZDC_EM  2, 1,   54000151
                1               2             -99          ZDC_EM  2, 1,   54000152
                1               3             -99          ZDC_EM  2, 1,   54000153
                1               4             -99          ZDC_EM  2, 1,   54000154
                1               5             -99          ZDC_EM  2, 1,   54000155
                1               1             -99         ZDC_HAD  2, 1,   54000161
                1               2             -99         ZDC_HAD  2, 1,   54000162
                1               3             -99         ZDC_HAD  2, 1,   54000163
                1               4             -99         ZDC_HAD  2, 1,   54000164
               -1               1             -99         ZDC_RPD  2, 1,   54000180
               -1               2             -99         ZDC_RPD  2, 1,   54000181
               -1               3             -99         ZDC_RPD  2, 1,   54000182
               -1               4             -99         ZDC_RPD  2, 1,   54000183
               -1               5             -99         ZDC_RPD  2, 1,   54000184
               -1               6             -99         ZDC_RPD  2, 1,   54000185
               -1               7             -99         ZDC_RPD  2, 1,   54000186
               -1               8             -99         ZDC_RPD  2, 1,   54000187
               -1               9             -99         ZDC_RPD  2, 1,   54000188
               -1              10             -99         ZDC_RPD  2, 1,   54000189
               -1              11             -99         ZDC_RPD  2, 1,   5400018A
               -1              12             -99         ZDC_RPD  2, 1,   5400018B
               -1              13             -99         ZDC_RPD  2, 1,   5400018C
               -1              14             -99         ZDC_RPD  2, 1,   5400018D
               -1              15             -99         ZDC_RPD  2, 1,   5400018E
               -1              16             -99         ZDC_RPD  2, 1,   5400018F
                1               1             -99         ZDC_RPD  2, 1,   540001C0
                1               2             -99         ZDC_RPD  2, 1,   540001C1
                1               3             -99         ZDC_RPD  2, 1,   540001C2
                1               4             -99         ZDC_RPD  2, 1,   540001C3
                1               5             -99         ZDC_RPD  2, 1,   540001C4
                1               6             -99         ZDC_RPD  2, 1,   540001C5
                1               7             -99         ZDC_RPD  2, 1,   540001C6
                1               8             -99         ZDC_RPD  2, 1,   540001C7
                1               9             -99         ZDC_RPD  2, 1,   540001C8
                1              10             -99         ZDC_RPD  2, 1,   540001C9
                1              11             -99         ZDC_RPD  2, 1,   540001CA
                1              12             -99         ZDC_RPD  2, 1,   540001CB
                1              13             -99         ZDC_RPD  2, 1,   540001CC
                1              14             -99         ZDC_RPD  2, 1,   540001CD
                1              15             -99         ZDC_RPD  2, 1,   540001CE
                1              16             -99         ZDC_RPD  2, 1,   540001CF
               -1               1             -99         ZDC_LUM  2, 1,   54000131
               -1               2             -99         ZDC_LUM  2, 1,   54000132
                1               1             -99         ZDC_LUM  2, 1,   54000171
                1               2             -99         ZDC_LUM  2, 1,   54000172
