     -1    1  -99     ZDC_EM   136058769    54000111   401    1    5   -4.0    0    1
     -1    2  -99     ZDC_EM   136058769    54000112   401    1    5   -4.0    0    1
     -1    3  -99     ZDC_EM   136058769    54000113   401    1    5   -4.0    0    1
     -1    4  -99     ZDC_EM   136058769    54000114   401    1    5   -4.0    0    1
     -1    5  -99     ZDC_EM   136058769    54000115   401    1    5   -4.0    0    1
     -1    1  -99    ZDC_HAD   136058769    54000121   401    1    5   -4.0    0    1
     -1    2  -99    ZDC_HAD   136058769    54000122   401    1    5   -4.0    0    1
     -1    3  -99    ZDC_HAD   136058769    54000123   401    1    5   -4.0    0    1
     -1    4  -99    ZDC_HAD   136058769    54000124   401    1    5   -4.0    0    1
     -1    1  -99    ZDC_LUM   136058769    54000131   401    1    5   -4.0    0    1
     -1    2  -99    ZDC_LUM   136058769    54000132   401    1    5   -4.0    0    1
      1    1  -99     ZDC_EM   136058769    54000151   401    1    5   -4.0    0    1
      1    2  -99     ZDC_EM   136058769    54000152   401    1    5   -4.0    0    1
      1    3  -99     ZDC_EM   136058769    54000153   401    1    5   -4.0    0    1
      1    4  -99     ZDC_EM   136058769    54000154   401    1    5   -4.0    0    1
      1    5  -99     ZDC_EM   136058769    54000155   401    1    5   -4.0    0    1
      1    1  -99    ZDC_HAD   136058769    54000161   401    1    5   -4.0    0    1
      1    2  -99    ZDC_HAD   136058769    54000162   401    1    5   -4.0    0    1
      1    3  -99    ZDC_HAD   136058769    54000163   401    1    5   -4.0    0    1
      1    4  -99    ZDC_HAD   136058769    54000164   401    1    5   -4.0    0    1
      1    1  -99    ZDC_LUM   136058769    54000171   401    1    5   -4.0    0    1
      1    2  -99    ZDC_LUM   136058769    54000172   401    1    5   -4.0    0    1
     -1    1  -99    ZDC_RPD   136058769    54000180   401    1    5   -4.0    0    1
     -1    2  -99    ZDC_RPD   136058769    54000181   401    1    5   -4.0    0    1
     -1    3  -99    ZDC_RPD   136058769    54000182   401    1    5   -4.0    0    1
     -1    4  -99    ZDC_RPD   136058769    54000183   401    1    5   -4.0    0    1
     -1    5  -99    ZDC_RPD   136058769    54000184   401    1    5   -4.0    0    1
     -1    6  -99    ZDC_RPD   136058769    54000185   401    1    5   -4.0    0    1
     -1    7  -99    ZDC_RPD   136058769    54000186   401    1    5   -4.0    0    1
     -1    8  -99    ZDC_RPD   136058769    54000187   401    1    5   -4.0    0    1
     -1    9  -99    ZDC_RPD   136058769    54000188   401    1    5   -4.0    0    1
     -1   10  -99    ZDC_RPD   136058769    54000189   401    1    5   -4.0    0    1
     -1   11  -99    ZDC_RPD   136058769    5400018A   401    1    5   -4.0    0    1
     -1   12  -99    ZDC_RPD   136058769    5400018B   401    1    5   -4.0    0    1
     -1   13  -99    ZDC_RPD   136058769    5400018C   401    1    5   -4.0    0    1
     -1   14  -99    ZDC_RPD   136058769    5400018D   401    1    5   -4.0    0    1
     -1   15  -99    ZDC_RPD   136058769    5400018E   401    1    5   -4.0    0    1
     -1   16  -99    ZDC_RPD   136058769    5400018F   401    1    5   -4.0    0    1
      1    1  -99    ZDC_RPD   136058769    540001C0   401    1    5   -4.0    0    1
      1    2  -99    ZDC_RPD   136058769    540001C1   401    1    5   -4.0    0    1
      1    3  -99    ZDC_RPD   136058769    540001C2   401    1    5   -4.0    0    1
      1    4  -99    ZDC_RPD   136058769    540001C3   401    1    5   -4.0    0    1
      1    5  -99    ZDC_RPD   136058769    540001C4   401    1    5   -4.0    0    1
      1    6  -99    ZDC_RPD   136058769    540001C5   401    1    5   -4.0    0    1
      1    7  -99    ZDC_RPD   136058769    540001C6   401    1    5   -4.0    0    1
      1    8  -99    ZDC_RPD   136058769    540001C7   401    1    5   -4.0    0    1
      1    9  -99    ZDC_RPD   136058769    540001C8   401    1    5   -4.0    0    1
      1   10  -99    ZDC_RPD   136058769    540001C9   401    1    5   -4.0    0    1
      1   11  -99    ZDC_RPD   136058769    540001CA   401    1    5   -4.0    0    1
      1   12  -99    ZDC_RPD   136058769    540001CB   401    1    5   -4.0    0    1
      1   13  -99    ZDC_RPD   136058769    540001CC   401    1    5   -4.0    0    1
      1   14  -99    ZDC_RPD   136058769    540001CD   401    1    5   -4.0    0    1
      1   15  -99    ZDC_RPD   136058769    540001CE   401    1    5   -4.0    0    1
      1   16  -99    ZDC_RPD   136058769    540001CF   401    1    5   -4.0    0    1
