               -1               1             -99          ZDC_EM 0.00000 0.00000 0.00000 0.00000 0.00000 0.00000 0.00000 0.00000   54000111
               -1               2             -99          ZDC_EM 0.00000 0.00000 0.00000 0.00000 0.00000 0.00000 0.00000 0.00000   54000112
               -1               3             -99          ZDC_EM 0.00000 0.00000 0.00000 0.00000 0.00000 0.00000 0.00000 0.00000   54000113
               -1               4             -99          ZDC_EM 0.00000 0.00000 0.00000 0.00000 0.00000 0.00000 0.00000 0.00000   54000114
               -1               5             -99          ZDC_EM 0.00000 0.00000 0.00000 0.00000 0.00000 0.00000 0.00000 0.00000   54000115
               -1               1             -99         ZDC_HAD 0.00000 0.00000 0.00000 0.00000 0.00000 0.00000 0.00000 0.00000   54000121
               -1               2             -99         ZDC_HAD 0.00000 0.00000 0.00000 0.00000 0.00000 0.00000 0.00000 0.00000   54000122
               -1               3             -99         ZDC_HAD 0.00000 0.00000 0.00000 0.00000 0.00000 0.00000 0.00000 0.00000   54000123
               -1               4             -99         ZDC_HAD 0.00000 0.00000 0.00000 0.00000 0.00000 0.00000 0.00000 0.00000   54000124
                1               1             -99          ZDC_EM 0.00000 0.00000 0.00000 0.00000 0.00000 0.00000 0.00000 0.00000   54000151
                1               2             -99          ZDC_EM 0.00000 0.00000 0.00000 0.00000 0.00000 0.00000 0.00000 0.00000   54000152
                1               3             -99          ZDC_EM 0.00000 0.00000 0.00000 0.00000 0.00000 0.00000 0.00000 0.00000   54000153
                1               4             -99          ZDC_EM 0.00000 0.00000 0.00000 0.00000 0.00000 0.00000 0.00000 0.00000   54000154
                1               5             -99          ZDC_EM 0.00000 0.00000 0.00000 0.00000 0.00000 0.00000 0.00000 0.00000   54000155
                1               1             -99         ZDC_HAD 0.00000 0.00000 0.00000 0.00000 0.00000 0.00000 0.00000 0.00000   54000161
                1               2             -99         ZDC_HAD 0.00000 0.00000 0.00000 0.00000 0.00000 0.00000 0.00000 0.00000   54000162
                1               3             -99         ZDC_HAD 0.00000 0.00000 0.00000 0.00000 0.00000 0.00000 0.00000 0.00000   54000163
                1               4             -99         ZDC_HAD 0.00000 0.00000 0.00000 0.00000 0.00000 0.00000 0.00000 0.00000   54000164
