               -1               1             -99          ZDC_EM -0.18960 -2.05620  3.72490 -2.35070 -0.39880 -0.62520 10.14360 -20.52300  0.00000 -1.00420  9.45820 -38.09320 -0.20330 -0.38320 13.29480 -22.71060  0.35050  0.35000  0.34930  0.34920  0.34320  0.34080  0.33980  0.34060  0.35640  0.35070  0.34990  0.34890  0.36300  0.36230  0.36190  0.35960
               -1               2             -99          ZDC_EM -0.18960 -2.05620  3.72490 -2.35070 -0.39880 -0.62520 10.14360 -20.52300  0.00000 -1.00420  9.45820 -38.09320 -0.20330 -0.38320 13.29480 -22.71060  0.35050  0.35000  0.34930  0.34920  0.34320  0.34080  0.33980  0.34060  0.35640  0.35070  0.34990  0.34890  0.36300  0.36230  0.36190  0.35960
               -1               3             -99          ZDC_EM -0.18960 -2.05620  3.72490 -2.35070 -0.39880 -0.62520 10.14360 -20.52300  0.00000 -1.00420  9.45820 -38.09320 -0.20330 -0.38320 13.29480 -22.71060  0.35050  0.35000  0.34930  0.34920  0.34320  0.34080  0.33980  0.34060  0.35640  0.35070  0.34990  0.34890  0.36300  0.36230  0.36190  0.35960
               -1               4             -99          ZDC_EM -0.18960 -2.05620  3.72490 -2.35070 -0.39880 -0.62520 10.14360 -20.52300  0.00000 -1.00420  9.45820 -38.09320 -0.20330 -0.38320 13.29480 -22.71060  0.35050  0.35000  0.34930  0.34920  0.34320  0.34080  0.33980  0.34060  0.35640  0.35070  0.34990  0.34890  0.36300  0.36230  0.36190  0.35960
               -1               5             -99          ZDC_EM -0.18960 -2.05620  3.72490 -2.35070 -0.39880 -0.62520 10.14360 -20.52300  0.00000 -1.00420  9.45820 -38.09320 -0.20330 -0.38320 13.29480 -22.71060  0.35050  0.35000  0.34930  0.34920  0.34320  0.34080  0.33980  0.34060  0.35640  0.35070  0.34990  0.34890  0.36300  0.36230  0.36190  0.35960
               -1               1             -99         ZDC_HAD -0.18960 -2.05620  3.72490 -2.35070 -0.39880 -0.62520 10.14360 -20.52300  0.00000 -1.00420  9.45820 -38.09320 -0.20330 -0.38320 13.29480 -22.71060  0.35050  0.35000  0.34930  0.34920  0.34320  0.34080  0.33980  0.34060  0.35640  0.35070  0.34990  0.34890  0.36300  0.36230  0.36190  0.35960
               -1               2             -99         ZDC_HAD -0.18960 -2.05620  3.72490 -2.35070 -0.39880 -0.62520 10.14360 -20.52300  0.00000 -1.00420  9.45820 -38.09320 -0.20330 -0.38320 13.29480 -22.71060  0.35050  0.35000  0.34930  0.34920  0.34320  0.34080  0.33980  0.34060  0.35640  0.35070  0.34990  0.34890  0.36300  0.36230  0.36190  0.35960
               -1               3             -99         ZDC_HAD -0.18960 -2.05620  3.72490 -2.35070 -0.39880 -0.62520 10.14360 -20.52300  0.00000 -1.00420  9.45820 -38.09320 -0.20330 -0.38320 13.29480 -22.71060  0.35050  0.35000  0.34930  0.34920  0.34320  0.34080  0.33980  0.34060  0.35640  0.35070  0.34990  0.34890  0.36300  0.36230  0.36190  0.35960
               -1               4             -99         ZDC_HAD -0.18960 -2.05620  3.72490 -2.35070 -0.39880 -0.62520 10.14360 -20.52300  0.00000 -1.00420  9.45820 -38.09320 -0.20330 -0.38320 13.29480 -22.71060  0.35050  0.35000  0.34930  0.34920  0.34320  0.34080  0.33980  0.34060  0.35640  0.35070  0.34990  0.34890  0.36300  0.36230  0.36190  0.35960
                1               1             -99          ZDC_EM -0.18960 -2.05620  3.72490 -2.35070 -0.39880 -0.62520 10.14360 -20.52300  0.00000 -1.00420  9.45820 -38.09320 -0.20330 -0.38320 13.29480 -22.71060  0.35050  0.35000  0.34930  0.34920  0.34320  0.34080  0.33980  0.34060  0.35640  0.35070  0.34990  0.34890  0.36300  0.36230  0.36190  0.35960
                1               2             -99          ZDC_EM -0.18960 -2.05620  3.72490 -2.35070 -0.39880 -0.62520 10.14360 -20.52300  0.00000 -1.00420  9.45820 -38.09320 -0.20330 -0.38320 13.29480 -22.71060  0.35050  0.35000  0.34930  0.34920  0.34320  0.34080  0.33980  0.34060  0.35640  0.35070  0.34990  0.34890  0.36300  0.36230  0.36190  0.35960
                1               3             -99          ZDC_EM -0.18960 -2.05620  3.72490 -2.35070 -0.39880 -0.62520 10.14360 -20.52300  0.00000 -1.00420  9.45820 -38.09320 -0.20330 -0.38320 13.29480 -22.71060  0.35050  0.35000  0.34930  0.34920  0.34320  0.34080  0.33980  0.34060  0.35640  0.35070  0.34990  0.34890  0.36300  0.36230  0.36190  0.35960
                1               4             -99          ZDC_EM -0.18960 -2.05620  3.72490 -2.35070 -0.39880 -0.62520 10.14360 -20.52300  0.00000 -1.00420  9.45820 -38.09320 -0.20330 -0.38320 13.29480 -22.71060  0.35050  0.35000  0.34930  0.34920  0.34320  0.34080  0.33980  0.34060  0.35640  0.35070  0.34990  0.34890  0.36300  0.36230  0.36190  0.35960
                1               5             -99          ZDC_EM -0.18960 -2.05620  3.72490 -2.35070 -0.39880 -0.62520 10.14360 -20.52300  0.00000 -1.00420  9.45820 -38.09320 -0.20330 -0.38320 13.29480 -22.71060  0.35050  0.35000  0.34930  0.34920  0.34320  0.34080  0.33980  0.34060  0.35640  0.35070  0.34990  0.34890  0.36300  0.36230  0.36190  0.35960
                1               1             -99         ZDC_HAD -0.18960 -2.05620  3.72490 -2.35070 -0.39880 -0.62520 10.14360 -20.52300  0.00000 -1.00420  9.45820 -38.09320 -0.20330 -0.38320 13.29480 -22.71060  0.35050  0.35000  0.34930  0.34920  0.34320  0.34080  0.33980  0.34060  0.35640  0.35070  0.34990  0.34890  0.36300  0.36230  0.36190  0.35960
                1               2             -99         ZDC_HAD -0.18960 -2.05620  3.72490 -2.35070 -0.39880 -0.62520 10.14360 -20.52300  0.00000 -1.00420  9.45820 -38.09320 -0.20330 -0.38320 13.29480 -22.71060  0.35050  0.35000  0.34930  0.34920  0.34320  0.34080  0.33980  0.34060  0.35640  0.35070  0.34990  0.34890  0.36300  0.36230  0.36190  0.35960
                1               3             -99         ZDC_HAD -0.18960 -2.05620  3.72490 -2.35070 -0.39880 -0.62520 10.14360 -20.52300  0.00000 -1.00420  9.45820 -38.09320 -0.20330 -0.38320 13.29480 -22.71060  0.35050  0.35000  0.34930  0.34920  0.34320  0.34080  0.33980  0.34060  0.35640  0.35070  0.34990  0.34890  0.36300  0.36230  0.36190  0.35960
                1               4             -99         ZDC_HAD -0.18960 -2.05620  3.72490 -2.35070 -0.39880 -0.62520 10.14360 -20.52300  0.00000 -1.00420  9.45820 -38.09320 -0.20330 -0.38320 13.29480 -22.71060  0.35050  0.35000  0.34930  0.34920  0.34320  0.34080  0.33980  0.34060  0.35640  0.35070  0.34990  0.34890  0.36300  0.36230  0.36190  0.35960
               -1               1             -99         ZDC_RPD -0.18960 -2.05620  3.72490 -2.35070 -0.39880 -0.62520 10.14360 -20.52300  0.00000 -1.00420  9.45820 -38.09320 -0.20330 -0.38320 13.29480 -22.71060  0.35050  0.35000  0.34930  0.34920  0.34320  0.34080  0.33980  0.34060  0.35640  0.35070  0.34990  0.34890  0.36300  0.36230  0.36190  0.35960
               -1               2             -99         ZDC_RPD -0.18960 -2.05620  3.72490 -2.35070 -0.39880 -0.62520 10.14360 -20.52300  0.00000 -1.00420  9.45820 -38.09320 -0.20330 -0.38320 13.29480 -22.71060  0.35050  0.35000  0.34930  0.34920  0.34320  0.34080  0.33980  0.34060  0.35640  0.35070  0.34990  0.34890  0.36300  0.36230  0.36190  0.35960
               -1               3             -99         ZDC_RPD -0.18960 -2.05620  3.72490 -2.35070 -0.39880 -0.62520 10.14360 -20.52300  0.00000 -1.00420  9.45820 -38.09320 -0.20330 -0.38320 13.29480 -22.71060  0.35050  0.35000  0.34930  0.34920  0.34320  0.34080  0.33980  0.34060  0.35640  0.35070  0.34990  0.34890  0.36300  0.36230  0.36190  0.35960
               -1               4             -99         ZDC_RPD -0.18960 -2.05620  3.72490 -2.35070 -0.39880 -0.62520 10.14360 -20.52300  0.00000 -1.00420  9.45820 -38.09320 -0.20330 -0.38320 13.29480 -22.71060  0.35050  0.35000  0.34930  0.34920  0.34320  0.34080  0.33980  0.34060  0.35640  0.35070  0.34990  0.34890  0.36300  0.36230  0.36190  0.35960
               -1               5             -99         ZDC_RPD -0.18960 -2.05620  3.72490 -2.35070 -0.39880 -0.62520 10.14360 -20.52300  0.00000 -1.00420  9.45820 -38.09320 -0.20330 -0.38320 13.29480 -22.71060  0.35050  0.35000  0.34930  0.34920  0.34320  0.34080  0.33980  0.34060  0.35640  0.35070  0.34990  0.34890  0.36300  0.36230  0.36190  0.35960
               -1               6             -99         ZDC_RPD -0.18960 -2.05620  3.72490 -2.35070 -0.39880 -0.62520 10.14360 -20.52300  0.00000 -1.00420  9.45820 -38.09320 -0.20330 -0.38320 13.29480 -22.71060  0.35050  0.35000  0.34930  0.34920  0.34320  0.34080  0.33980  0.34060  0.35640  0.35070  0.34990  0.34890  0.36300  0.36230  0.36190  0.35960
               -1               7             -99         ZDC_RPD -0.18960 -2.05620  3.72490 -2.35070 -0.39880 -0.62520 10.14360 -20.52300  0.00000 -1.00420  9.45820 -38.09320 -0.20330 -0.38320 13.29480 -22.71060  0.35050  0.35000  0.34930  0.34920  0.34320  0.34080  0.33980  0.34060  0.35640  0.35070  0.34990  0.34890  0.36300  0.36230  0.36190  0.35960
               -1               8             -99         ZDC_RPD -0.18960 -2.05620  3.72490 -2.35070 -0.39880 -0.62520 10.14360 -20.52300  0.00000 -1.00420  9.45820 -38.09320 -0.20330 -0.38320 13.29480 -22.71060  0.35050  0.35000  0.34930  0.34920  0.34320  0.34080  0.33980  0.34060  0.35640  0.35070  0.34990  0.34890  0.36300  0.36230  0.36190  0.35960
               -1               9             -99         ZDC_RPD -0.18960 -2.05620  3.72490 -2.35070 -0.39880 -0.62520 10.14360 -20.52300  0.00000 -1.00420  9.45820 -38.09320 -0.20330 -0.38320 13.29480 -22.71060  0.35050  0.35000  0.34930  0.34920  0.34320  0.34080  0.33980  0.34060  0.35640  0.35070  0.34990  0.34890  0.36300  0.36230  0.36190  0.35960
               -1              10             -99         ZDC_RPD -0.18960 -2.05620  3.72490 -2.35070 -0.39880 -0.62520 10.14360 -20.52300  0.00000 -1.00420  9.45820 -38.09320 -0.20330 -0.38320 13.29480 -22.71060  0.35050  0.35000  0.34930  0.34920  0.34320  0.34080  0.33980  0.34060  0.35640  0.35070  0.34990  0.34890  0.36300  0.36230  0.36190  0.35960
               -1              11             -99         ZDC_RPD -0.18960 -2.05620  3.72490 -2.35070 -0.39880 -0.62520 10.14360 -20.52300  0.00000 -1.00420  9.45820 -38.09320 -0.20330 -0.38320 13.29480 -22.71060  0.35050  0.35000  0.34930  0.34920  0.34320  0.34080  0.33980  0.34060  0.35640  0.35070  0.34990  0.34890  0.36300  0.36230  0.36190  0.35960
               -1              12             -99         ZDC_RPD -0.18960 -2.05620  3.72490 -2.35070 -0.39880 -0.62520 10.14360 -20.52300  0.00000 -1.00420  9.45820 -38.09320 -0.20330 -0.38320 13.29480 -22.71060  0.35050  0.35000  0.34930  0.34920  0.34320  0.34080  0.33980  0.34060  0.35640  0.35070  0.34990  0.34890  0.36300  0.36230  0.36190  0.35960
               -1              13             -99         ZDC_RPD -0.18960 -2.05620  3.72490 -2.35070 -0.39880 -0.62520 10.14360 -20.52300  0.00000 -1.00420  9.45820 -38.09320 -0.20330 -0.38320 13.29480 -22.71060  0.35050  0.35000  0.34930  0.34920  0.34320  0.34080  0.33980  0.34060  0.35640  0.35070  0.34990  0.34890  0.36300  0.36230  0.36190  0.35960
               -1              14             -99         ZDC_RPD -0.18960 -2.05620  3.72490 -2.35070 -0.39880 -0.62520 10.14360 -20.52300  0.00000 -1.00420  9.45820 -38.09320 -0.20330 -0.38320 13.29480 -22.71060  0.35050  0.35000  0.34930  0.34920  0.34320  0.34080  0.33980  0.34060  0.35640  0.35070  0.34990  0.34890  0.36300  0.36230  0.36190  0.35960
               -1              15             -99         ZDC_RPD -0.18960 -2.05620  3.72490 -2.35070 -0.39880 -0.62520 10.14360 -20.52300  0.00000 -1.00420  9.45820 -38.09320 -0.20330 -0.38320 13.29480 -22.71060  0.35050  0.35000  0.34930  0.34920  0.34320  0.34080  0.33980  0.34060  0.35640  0.35070  0.34990  0.34890  0.36300  0.36230  0.36190  0.35960
               -1              16             -99         ZDC_RPD -0.18960 -2.05620  3.72490 -2.35070 -0.39880 -0.62520 10.14360 -20.52300  0.00000 -1.00420  9.45820 -38.09320 -0.20330 -0.38320 13.29480 -22.71060  0.35050  0.35000  0.34930  0.34920  0.34320  0.34080  0.33980  0.34060  0.35640  0.35070  0.34990  0.34890  0.36300  0.36230  0.36190  0.35960
                1               1             -99         ZDC_RPD -0.18960 -2.05620  3.72490 -2.35070 -0.39880 -0.62520 10.14360 -20.52300  0.00000 -1.00420  9.45820 -38.09320 -0.20330 -0.38320 13.29480 -22.71060  0.35050  0.35000  0.34930  0.34920  0.34320  0.34080  0.33980  0.34060  0.35640  0.35070  0.34990  0.34890  0.36300  0.36230  0.36190  0.35960
                1               2             -99         ZDC_RPD -0.18960 -2.05620  3.72490 -2.35070 -0.39880 -0.62520 10.14360 -20.52300  0.00000 -1.00420  9.45820 -38.09320 -0.20330 -0.38320 13.29480 -22.71060  0.35050  0.35000  0.34930  0.34920  0.34320  0.34080  0.33980  0.34060  0.35640  0.35070  0.34990  0.34890  0.36300  0.36230  0.36190  0.35960
                1               3             -99         ZDC_RPD -0.18960 -2.05620  3.72490 -2.35070 -0.39880 -0.62520 10.14360 -20.52300  0.00000 -1.00420  9.45820 -38.09320 -0.20330 -0.38320 13.29480 -22.71060  0.35050  0.35000  0.34930  0.34920  0.34320  0.34080  0.33980  0.34060  0.35640  0.35070  0.34990  0.34890  0.36300  0.36230  0.36190  0.35960
                1               4             -99         ZDC_RPD -0.18960 -2.05620  3.72490 -2.35070 -0.39880 -0.62520 10.14360 -20.52300  0.00000 -1.00420  9.45820 -38.09320 -0.20330 -0.38320 13.29480 -22.71060  0.35050  0.35000  0.34930  0.34920  0.34320  0.34080  0.33980  0.34060  0.35640  0.35070  0.34990  0.34890  0.36300  0.36230  0.36190  0.35960
                1               5             -99         ZDC_RPD -0.18960 -2.05620  3.72490 -2.35070 -0.39880 -0.62520 10.14360 -20.52300  0.00000 -1.00420  9.45820 -38.09320 -0.20330 -0.38320 13.29480 -22.71060  0.35050  0.35000  0.34930  0.34920  0.34320  0.34080  0.33980  0.34060  0.35640  0.35070  0.34990  0.34890  0.36300  0.36230  0.36190  0.35960
                1               6             -99         ZDC_RPD -0.18960 -2.05620  3.72490 -2.35070 -0.39880 -0.62520 10.14360 -20.52300  0.00000 -1.00420  9.45820 -38.09320 -0.20330 -0.38320 13.29480 -22.71060  0.35050  0.35000  0.34930  0.34920  0.34320  0.34080  0.33980  0.34060  0.35640  0.35070  0.34990  0.34890  0.36300  0.36230  0.36190  0.35960
                1               7             -99         ZDC_RPD -0.18960 -2.05620  3.72490 -2.35070 -0.39880 -0.62520 10.14360 -20.52300  0.00000 -1.00420  9.45820 -38.09320 -0.20330 -0.38320 13.29480 -22.71060  0.35050  0.35000  0.34930  0.34920  0.34320  0.34080  0.33980  0.34060  0.35640  0.35070  0.34990  0.34890  0.36300  0.36230  0.36190  0.35960
                1               8             -99         ZDC_RPD -0.18960 -2.05620  3.72490 -2.35070 -0.39880 -0.62520 10.14360 -20.52300  0.00000 -1.00420  9.45820 -38.09320 -0.20330 -0.38320 13.29480 -22.71060  0.35050  0.35000  0.34930  0.34920  0.34320  0.34080  0.33980  0.34060  0.35640  0.35070  0.34990  0.34890  0.36300  0.36230  0.36190  0.35960
                1               9             -99         ZDC_RPD -0.18960 -2.05620  3.72490 -2.35070 -0.39880 -0.62520 10.14360 -20.52300  0.00000 -1.00420  9.45820 -38.09320 -0.20330 -0.38320 13.29480 -22.71060  0.35050  0.35000  0.34930  0.34920  0.34320  0.34080  0.33980  0.34060  0.35640  0.35070  0.34990  0.34890  0.36300  0.36230  0.36190  0.35960
                1              10             -99         ZDC_RPD -0.18960 -2.05620  3.72490 -2.35070 -0.39880 -0.62520 10.14360 -20.52300  0.00000 -1.00420  9.45820 -38.09320 -0.20330 -0.38320 13.29480 -22.71060  0.35050  0.35000  0.34930  0.34920  0.34320  0.34080  0.33980  0.34060  0.35640  0.35070  0.34990  0.34890  0.36300  0.36230  0.36190  0.35960
                1              11             -99         ZDC_RPD -0.18960 -2.05620  3.72490 -2.35070 -0.39880 -0.62520 10.14360 -20.52300  0.00000 -1.00420  9.45820 -38.09320 -0.20330 -0.38320 13.29480 -22.71060  0.35050  0.35000  0.34930  0.34920  0.34320  0.34080  0.33980  0.34060  0.35640  0.35070  0.34990  0.34890  0.36300  0.36230  0.36190  0.35960
                1              12             -99         ZDC_RPD -0.18960 -2.05620  3.72490 -2.35070 -0.39880 -0.62520 10.14360 -20.52300  0.00000 -1.00420  9.45820 -38.09320 -0.20330 -0.38320 13.29480 -22.71060  0.35050  0.35000  0.34930  0.34920  0.34320  0.34080  0.33980  0.34060  0.35640  0.35070  0.34990  0.34890  0.36300  0.36230  0.36190  0.35960
                1              13             -99         ZDC_RPD -0.18960 -2.05620  3.72490 -2.35070 -0.39880 -0.62520 10.14360 -20.52300  0.00000 -1.00420  9.45820 -38.09320 -0.20330 -0.38320 13.29480 -22.71060  0.35050  0.35000  0.34930  0.34920  0.34320  0.34080  0.33980  0.34060  0.35640  0.35070  0.34990  0.34890  0.36300  0.36230  0.36190  0.35960
                1              14             -99         ZDC_RPD -0.18960 -2.05620  3.72490 -2.35070 -0.39880 -0.62520 10.14360 -20.52300  0.00000 -1.00420  9.45820 -38.09320 -0.20330 -0.38320 13.29480 -22.71060  0.35050  0.35000  0.34930  0.34920  0.34320  0.34080  0.33980  0.34060  0.35640  0.35070  0.34990  0.34890  0.36300  0.36230  0.36190  0.35960
                1              15             -99         ZDC_RPD -0.18960 -2.05620  3.72490 -2.35070 -0.39880 -0.62520 10.14360 -20.52300  0.00000 -1.00420  9.45820 -38.09320 -0.20330 -0.38320 13.29480 -22.71060  0.35050  0.35000  0.34930  0.34920  0.34320  0.34080  0.33980  0.34060  0.35640  0.35070  0.34990  0.34890  0.36300  0.36230  0.36190  0.35960
                1              16             -99         ZDC_RPD -0.18960 -2.05620  3.72490 -2.35070 -0.39880 -0.62520 10.14360 -20.52300  0.00000 -1.00420  9.45820 -38.09320 -0.20330 -0.38320 13.29480 -22.71060  0.35050  0.35000  0.34930  0.34920  0.34320  0.34080  0.33980  0.34060  0.35640  0.35070  0.34990  0.34890  0.36300  0.36230  0.36190  0.35960
               -1               1             -99         ZDC_LUM  0. 0. 0. 0. 0. 0. 0. 0. 0. 0. 0. 0. 0. 0. 0. 0. 0. 0. 0. 0. 0. 0. 0. 0. 0. 0. 0. 0. 0. 0. 0. 0.
               -1               2             -99         ZDC_LUM  0. 0. 0. 0. 0. 0. 0. 0. 0. 0. 0. 0. 0. 0. 0. 0. 0. 0. 0. 0. 0. 0. 0. 0. 0. 0. 0. 0. 0. 0. 0. 0.
                1               1             -99         ZDC_LUM  0. 0. 0. 0. 0. 0. 0. 0. 0. 0. 0. 0. 0. 0. 0. 0. 0. 0. 0. 0. 0. 0. 0. 0. 0. 0. 0. 0. 0. 0. 0. 0.
                1               2             -99         ZDC_LUM  0. 0. 0. 0. 0. 0. 0. 0. 0. 0. 0. 0. 0. 0. 0. 0. 0. 0. 0. 0. 0. 0. 0. 0. 0. 0. 0. 0. 0. 0. 0. 0.
