               -1               1             -99          ZDC_EM -0.50000 -0.66002 18.71833 -270.46150 -0.50000 -0.66002 18.71833 -270.46150 -0.50000 -0.66002 18.71833 -270.46150 -0.50000 -0.66002 18.71833 -270.46150 0.30683 0.31046 0.31191 0.31766 0.30683 0.31046 0.31191 0.31766 0.30683 0.31046 0.31191 0.31766 0.30683 0.31046 0.31191 0.31766
               -1               2             -99          ZDC_EM -0.50000 -0.66002 18.71833 -270.46150 -0.50000 -0.66002 18.71833 -270.46150 -0.50000 -0.66002 18.71833 -270.46150 -0.50000 -0.66002 18.71833 -270.46150 0.30683 0.31046 0.31191 0.31766 0.30683 0.31046 0.31191 0.31766 0.30683 0.31046 0.31191 0.31766 0.30683 0.31046 0.31191 0.31766
               -1               3             -99          ZDC_EM -0.50000 -0.66002 18.71833 -270.46150 -0.50000 -0.66002 18.71833 -270.46150 -0.50000 -0.66002 18.71833 -270.46150 -0.50000 -0.66002 18.71833 -270.46150 0.30683 0.31046 0.31191 0.31766 0.30683 0.31046 0.31191 0.31766 0.30683 0.31046 0.31191 0.31766 0.30683 0.31046 0.31191 0.31766
               -1               4             -99          ZDC_EM -0.50000 -0.66002 18.71833 -270.46150 -0.50000 -0.66002 18.71833 -270.46150 -0.50000 -0.66002 18.71833 -270.46150 -0.50000 -0.66002 18.71833 -270.46150 0.30683 0.31046 0.31191 0.31766 0.30683 0.31046 0.31191 0.31766 0.30683 0.31046 0.31191 0.31766 0.30683 0.31046 0.31191 0.31766
               -1               5             -99          ZDC_EM -0.50000 -0.66002 18.71833 -270.46150 -0.50000 -0.66002 18.71833 -270.46150 -0.50000 -0.66002 18.71833 -270.46150 -0.50000 -0.66002 18.71833 -270.46150 0.30683 0.31046 0.31191 0.31766 0.30683 0.31046 0.31191 0.31766 0.30683 0.31046 0.31191 0.31766 0.30683 0.31046 0.31191 0.31766
               -1               1             -99         ZDC_HAD -0.50000 -0.66002 18.71833 -270.46150 -0.50000 -0.66002 18.71833 -270.46150 -0.50000 -0.66002 18.71833 -270.46150 -0.50000 -0.66002 18.71833 -270.46150 0.30683 0.31046 0.31191 0.31766 0.30683 0.31046 0.31191 0.31766 0.30683 0.31046 0.31191 0.31766 0.30683 0.31046 0.31191 0.31766
               -1               2             -99         ZDC_HAD -0.50000 -0.66002 18.71833 -270.46150 -0.50000 -0.66002 18.71833 -270.46150 -0.50000 -0.66002 18.71833 -270.46150 -0.50000 -0.66002 18.71833 -270.46150 0.30683 0.31046 0.31191 0.31766 0.30683 0.31046 0.31191 0.31766 0.30683 0.31046 0.31191 0.31766 0.30683 0.31046 0.31191 0.31766
               -1               3             -99         ZDC_HAD -0.50000 -0.66002 18.71833 -270.46150 -0.50000 -0.66002 18.71833 -270.46150 -0.50000 -0.66002 18.71833 -270.46150 -0.50000 -0.66002 18.71833 -270.46150 0.30683 0.31046 0.31191 0.31766 0.30683 0.31046 0.31191 0.31766 0.30683 0.31046 0.31191 0.31766 0.30683 0.31046 0.31191 0.31766
               -1               4             -99         ZDC_HAD -0.50000 -0.66002 18.71833 -270.46150 -0.50000 -0.66002 18.71833 -270.46150 -0.50000 -0.66002 18.71833 -270.46150 -0.50000 -0.66002 18.71833 -270.46150 0.30683 0.31046 0.31191 0.31766 0.30683 0.31046 0.31191 0.31766 0.30683 0.31046 0.31191 0.31766 0.30683 0.31046 0.31191 0.31766
                1               1             -99          ZDC_EM -0.50000 -0.66002 18.71833 -270.46150 -0.50000 -0.66002 18.71833 -270.46150 -0.50000 -0.66002 18.71833 -270.46150 -0.50000 -0.66002 18.71833 -270.46150 0.30683 0.31046 0.31191 0.31766 0.30683 0.31046 0.31191 0.31766 0.30683 0.31046 0.31191 0.31766 0.30683 0.31046 0.31191 0.31766
                1               2             -99          ZDC_EM -0.50000 -0.66002 18.71833 -270.46150 -0.50000 -0.66002 18.71833 -270.46150 -0.50000 -0.66002 18.71833 -270.46150 -0.50000 -0.66002 18.71833 -270.46150 0.30683 0.31046 0.31191 0.31766 0.30683 0.31046 0.31191 0.31766 0.30683 0.31046 0.31191 0.31766 0.30683 0.31046 0.31191 0.31766
                1               3             -99          ZDC_EM -0.50000 -0.66002 18.71833 -270.46150 -0.50000 -0.66002 18.71833 -270.46150 -0.50000 -0.66002 18.71833 -270.46150 -0.50000 -0.66002 18.71833 -270.46150 0.30683 0.31046 0.31191 0.31766 0.30683 0.31046 0.31191 0.31766 0.30683 0.31046 0.31191 0.31766 0.30683 0.31046 0.31191 0.31766
                1               4             -99          ZDC_EM -0.50000 -0.66002 18.71833 -270.46150 -0.50000 -0.66002 18.71833 -270.46150 -0.50000 -0.66002 18.71833 -270.46150 -0.50000 -0.66002 18.71833 -270.46150 0.30683 0.31046 0.31191 0.31766 0.30683 0.31046 0.31191 0.31766 0.30683 0.31046 0.31191 0.31766 0.30683 0.31046 0.31191 0.31766
                1               5             -99          ZDC_EM -0.50000 -0.66002 18.71833 -270.46150 -0.50000 -0.66002 18.71833 -270.46150 -0.50000 -0.66002 18.71833 -270.46150 -0.50000 -0.66002 18.71833 -270.46150 0.30683 0.31046 0.31191 0.31766 0.30683 0.31046 0.31191 0.31766 0.30683 0.31046 0.31191 0.31766 0.30683 0.31046 0.31191 0.31766
                1               1             -99         ZDC_HAD -0.50000 -0.66002 18.71833 -270.46150 -0.50000 -0.66002 18.71833 -270.46150 -0.50000 -0.66002 18.71833 -270.46150 -0.50000 -0.66002 18.71833 -270.46150 0.30683 0.31046 0.31191 0.31766 0.30683 0.31046 0.31191 0.31766 0.30683 0.31046 0.31191 0.31766 0.30683 0.31046 0.31191 0.31766
                1               2             -99         ZDC_HAD -0.50000 -0.66002 18.71833 -270.46150 -0.50000 -0.66002 18.71833 -270.46150 -0.50000 -0.66002 18.71833 -270.46150 -0.50000 -0.66002 18.71833 -270.46150 0.30683 0.31046 0.31191 0.31766 0.30683 0.31046 0.31191 0.31766 0.30683 0.31046 0.31191 0.31766 0.30683 0.31046 0.31191 0.31766
                1               3             -99         ZDC_HAD -0.50000 -0.66002 18.71833 -270.46150 -0.50000 -0.66002 18.71833 -270.46150 -0.50000 -0.66002 18.71833 -270.46150 -0.50000 -0.66002 18.71833 -270.46150 0.30683 0.31046 0.31191 0.31766 0.30683 0.31046 0.31191 0.31766 0.30683 0.31046 0.31191 0.31766 0.30683 0.31046 0.31191 0.31766
                1               4             -99         ZDC_HAD -0.50000 -0.66002 18.71833 -270.46150 -0.50000 -0.66002 18.71833 -270.46150 -0.50000 -0.66002 18.71833 -270.46150 -0.50000 -0.66002 18.71833 -270.46150 0.30683 0.31046 0.31191 0.31766 0.30683 0.31046 0.31191 0.31766 0.30683 0.31046 0.31191 0.31766 0.30683 0.31046 0.31191 0.31766
               -1               1             -99         ZDC_RPD -0.50000 -0.66002 18.71833 -270.46150 -0.50000 -0.66002 18.71833 -270.46150 -0.50000 -0.66002 18.71833 -270.46150 -0.50000 -0.66002 18.71833 -270.46150 0.30683 0.31046 0.31191 0.31766 0.30683 0.31046 0.31191 0.31766 0.30683 0.31046 0.31191 0.31766 0.30683 0.31046 0.31191 0.31766
               -1               2             -99         ZDC_RPD -0.50000 -0.66002 18.71833 -270.46150 -0.50000 -0.66002 18.71833 -270.46150 -0.50000 -0.66002 18.71833 -270.46150 -0.50000 -0.66002 18.71833 -270.46150 0.30683 0.31046 0.31191 0.31766 0.30683 0.31046 0.31191 0.31766 0.30683 0.31046 0.31191 0.31766 0.30683 0.31046 0.31191 0.31766
               -1               3             -99         ZDC_RPD -0.50000 -0.66002 18.71833 -270.46150 -0.50000 -0.66002 18.71833 -270.46150 -0.50000 -0.66002 18.71833 -270.46150 -0.50000 -0.66002 18.71833 -270.46150 0.30683 0.31046 0.31191 0.31766 0.30683 0.31046 0.31191 0.31766 0.30683 0.31046 0.31191 0.31766 0.30683 0.31046 0.31191 0.31766
               -1               4             -99         ZDC_RPD -0.50000 -0.66002 18.71833 -270.46150 -0.50000 -0.66002 18.71833 -270.46150 -0.50000 -0.66002 18.71833 -270.46150 -0.50000 -0.66002 18.71833 -270.46150 0.30683 0.31046 0.31191 0.31766 0.30683 0.31046 0.31191 0.31766 0.30683 0.31046 0.31191 0.31766 0.30683 0.31046 0.31191 0.31766
               -1               5             -99         ZDC_RPD -0.50000 -0.66002 18.71833 -270.46150 -0.50000 -0.66002 18.71833 -270.46150 -0.50000 -0.66002 18.71833 -270.46150 -0.50000 -0.66002 18.71833 -270.46150 0.30683 0.31046 0.31191 0.31766 0.30683 0.31046 0.31191 0.31766 0.30683 0.31046 0.31191 0.31766 0.30683 0.31046 0.31191 0.31766
               -1               6             -99         ZDC_RPD -0.50000 -0.66002 18.71833 -270.46150 -0.50000 -0.66002 18.71833 -270.46150 -0.50000 -0.66002 18.71833 -270.46150 -0.50000 -0.66002 18.71833 -270.46150 0.30683 0.31046 0.31191 0.31766 0.30683 0.31046 0.31191 0.31766 0.30683 0.31046 0.31191 0.31766 0.30683 0.31046 0.31191 0.31766
               -1               7             -99         ZDC_RPD -0.50000 -0.66002 18.71833 -270.46150 -0.50000 -0.66002 18.71833 -270.46150 -0.50000 -0.66002 18.71833 -270.46150 -0.50000 -0.66002 18.71833 -270.46150 0.30683 0.31046 0.31191 0.31766 0.30683 0.31046 0.31191 0.31766 0.30683 0.31046 0.31191 0.31766 0.30683 0.31046 0.31191 0.31766
               -1               8             -99         ZDC_RPD -0.50000 -0.66002 18.71833 -270.46150 -0.50000 -0.66002 18.71833 -270.46150 -0.50000 -0.66002 18.71833 -270.46150 -0.50000 -0.66002 18.71833 -270.46150 0.30683 0.31046 0.31191 0.31766 0.30683 0.31046 0.31191 0.31766 0.30683 0.31046 0.31191 0.31766 0.30683 0.31046 0.31191 0.31766
               -1               9             -99         ZDC_RPD -0.50000 -0.66002 18.71833 -270.46150 -0.50000 -0.66002 18.71833 -270.46150 -0.50000 -0.66002 18.71833 -270.46150 -0.50000 -0.66002 18.71833 -270.46150 0.30683 0.31046 0.31191 0.31766 0.30683 0.31046 0.31191 0.31766 0.30683 0.31046 0.31191 0.31766 0.30683 0.31046 0.31191 0.31766
               -1              10             -99         ZDC_RPD -0.50000 -0.66002 18.71833 -270.46150 -0.50000 -0.66002 18.71833 -270.46150 -0.50000 -0.66002 18.71833 -270.46150 -0.50000 -0.66002 18.71833 -270.46150 0.30683 0.31046 0.31191 0.31766 0.30683 0.31046 0.31191 0.31766 0.30683 0.31046 0.31191 0.31766 0.30683 0.31046 0.31191 0.31766
               -1              11             -99         ZDC_RPD -0.50000 -0.66002 18.71833 -270.46150 -0.50000 -0.66002 18.71833 -270.46150 -0.50000 -0.66002 18.71833 -270.46150 -0.50000 -0.66002 18.71833 -270.46150 0.30683 0.31046 0.31191 0.31766 0.30683 0.31046 0.31191 0.31766 0.30683 0.31046 0.31191 0.31766 0.30683 0.31046 0.31191 0.31766
               -1              12             -99         ZDC_RPD -0.50000 -0.66002 18.71833 -270.46150 -0.50000 -0.66002 18.71833 -270.46150 -0.50000 -0.66002 18.71833 -270.46150 -0.50000 -0.66002 18.71833 -270.46150 0.30683 0.31046 0.31191 0.31766 0.30683 0.31046 0.31191 0.31766 0.30683 0.31046 0.31191 0.31766 0.30683 0.31046 0.31191 0.31766
               -1              13             -99         ZDC_RPD -0.50000 -0.66002 18.71833 -270.46150 -0.50000 -0.66002 18.71833 -270.46150 -0.50000 -0.66002 18.71833 -270.46150 -0.50000 -0.66002 18.71833 -270.46150 0.30683 0.31046 0.31191 0.31766 0.30683 0.31046 0.31191 0.31766 0.30683 0.31046 0.31191 0.31766 0.30683 0.31046 0.31191 0.31766
               -1              14             -99         ZDC_RPD -0.50000 -0.66002 18.71833 -270.46150 -0.50000 -0.66002 18.71833 -270.46150 -0.50000 -0.66002 18.71833 -270.46150 -0.50000 -0.66002 18.71833 -270.46150 0.30683 0.31046 0.31191 0.31766 0.30683 0.31046 0.31191 0.31766 0.30683 0.31046 0.31191 0.31766 0.30683 0.31046 0.31191 0.31766
               -1              15             -99         ZDC_RPD -0.50000 -0.66002 18.71833 -270.46150 -0.50000 -0.66002 18.71833 -270.46150 -0.50000 -0.66002 18.71833 -270.46150 -0.50000 -0.66002 18.71833 -270.46150 0.30683 0.31046 0.31191 0.31766 0.30683 0.31046 0.31191 0.31766 0.30683 0.31046 0.31191 0.31766 0.30683 0.31046 0.31191 0.31766
               -1              16             -99         ZDC_RPD -0.50000 -0.66002 18.71833 -270.46150 -0.50000 -0.66002 18.71833 -270.46150 -0.50000 -0.66002 18.71833 -270.46150 -0.50000 -0.66002 18.71833 -270.46150 0.30683 0.31046 0.31191 0.31766 0.30683 0.31046 0.31191 0.31766 0.30683 0.31046 0.31191 0.31766 0.30683 0.31046 0.31191 0.31766
                1               1             -99         ZDC_RPD -0.50000 -0.66002 18.71833 -270.46150 -0.50000 -0.66002 18.71833 -270.46150 -0.50000 -0.66002 18.71833 -270.46150 -0.50000 -0.66002 18.71833 -270.46150 0.30683 0.31046 0.31191 0.31766 0.30683 0.31046 0.31191 0.31766 0.30683 0.31046 0.31191 0.31766 0.30683 0.31046 0.31191 0.31766
                1               2             -99         ZDC_RPD -0.50000 -0.66002 18.71833 -270.46150 -0.50000 -0.66002 18.71833 -270.46150 -0.50000 -0.66002 18.71833 -270.46150 -0.50000 -0.66002 18.71833 -270.46150 0.30683 0.31046 0.31191 0.31766 0.30683 0.31046 0.31191 0.31766 0.30683 0.31046 0.31191 0.31766 0.30683 0.31046 0.31191 0.31766
                1               3             -99         ZDC_RPD -0.50000 -0.66002 18.71833 -270.46150 -0.50000 -0.66002 18.71833 -270.46150 -0.50000 -0.66002 18.71833 -270.46150 -0.50000 -0.66002 18.71833 -270.46150 0.30683 0.31046 0.31191 0.31766 0.30683 0.31046 0.31191 0.31766 0.30683 0.31046 0.31191 0.31766 0.30683 0.31046 0.31191 0.31766
                1               4             -99         ZDC_RPD -0.50000 -0.66002 18.71833 -270.46150 -0.50000 -0.66002 18.71833 -270.46150 -0.50000 -0.66002 18.71833 -270.46150 -0.50000 -0.66002 18.71833 -270.46150 0.30683 0.31046 0.31191 0.31766 0.30683 0.31046 0.31191 0.31766 0.30683 0.31046 0.31191 0.31766 0.30683 0.31046 0.31191 0.31766
                1               5             -99         ZDC_RPD -0.50000 -0.66002 18.71833 -270.46150 -0.50000 -0.66002 18.71833 -270.46150 -0.50000 -0.66002 18.71833 -270.46150 -0.50000 -0.66002 18.71833 -270.46150 0.30683 0.31046 0.31191 0.31766 0.30683 0.31046 0.31191 0.31766 0.30683 0.31046 0.31191 0.31766 0.30683 0.31046 0.31191 0.31766
                1               6             -99         ZDC_RPD -0.50000 -0.66002 18.71833 -270.46150 -0.50000 -0.66002 18.71833 -270.46150 -0.50000 -0.66002 18.71833 -270.46150 -0.50000 -0.66002 18.71833 -270.46150 0.30683 0.31046 0.31191 0.31766 0.30683 0.31046 0.31191 0.31766 0.30683 0.31046 0.31191 0.31766 0.30683 0.31046 0.31191 0.31766
                1               7             -99         ZDC_RPD -0.50000 -0.66002 18.71833 -270.46150 -0.50000 -0.66002 18.71833 -270.46150 -0.50000 -0.66002 18.71833 -270.46150 -0.50000 -0.66002 18.71833 -270.46150 0.30683 0.31046 0.31191 0.31766 0.30683 0.31046 0.31191 0.31766 0.30683 0.31046 0.31191 0.31766 0.30683 0.31046 0.31191 0.31766
                1               8             -99         ZDC_RPD -0.50000 -0.66002 18.71833 -270.46150 -0.50000 -0.66002 18.71833 -270.46150 -0.50000 -0.66002 18.71833 -270.46150 -0.50000 -0.66002 18.71833 -270.46150 0.30683 0.31046 0.31191 0.31766 0.30683 0.31046 0.31191 0.31766 0.30683 0.31046 0.31191 0.31766 0.30683 0.31046 0.31191 0.31766
                1               9             -99         ZDC_RPD -0.50000 -0.66002 18.71833 -270.46150 -0.50000 -0.66002 18.71833 -270.46150 -0.50000 -0.66002 18.71833 -270.46150 -0.50000 -0.66002 18.71833 -270.46150 0.30683 0.31046 0.31191 0.31766 0.30683 0.31046 0.31191 0.31766 0.30683 0.31046 0.31191 0.31766 0.30683 0.31046 0.31191 0.31766
                1              10             -99         ZDC_RPD -0.50000 -0.66002 18.71833 -270.46150 -0.50000 -0.66002 18.71833 -270.46150 -0.50000 -0.66002 18.71833 -270.46150 -0.50000 -0.66002 18.71833 -270.46150 0.30683 0.31046 0.31191 0.31766 0.30683 0.31046 0.31191 0.31766 0.30683 0.31046 0.31191 0.31766 0.30683 0.31046 0.31191 0.31766
                1              11             -99         ZDC_RPD -0.50000 -0.66002 18.71833 -270.46150 -0.50000 -0.66002 18.71833 -270.46150 -0.50000 -0.66002 18.71833 -270.46150 -0.50000 -0.66002 18.71833 -270.46150 0.30683 0.31046 0.31191 0.31766 0.30683 0.31046 0.31191 0.31766 0.30683 0.31046 0.31191 0.31766 0.30683 0.31046 0.31191 0.31766
                1              12             -99         ZDC_RPD -0.50000 -0.66002 18.71833 -270.46150 -0.50000 -0.66002 18.71833 -270.46150 -0.50000 -0.66002 18.71833 -270.46150 -0.50000 -0.66002 18.71833 -270.46150 0.30683 0.31046 0.31191 0.31766 0.30683 0.31046 0.31191 0.31766 0.30683 0.31046 0.31191 0.31766 0.30683 0.31046 0.31191 0.31766
                1              13             -99         ZDC_RPD -0.50000 -0.66002 18.71833 -270.46150 -0.50000 -0.66002 18.71833 -270.46150 -0.50000 -0.66002 18.71833 -270.46150 -0.50000 -0.66002 18.71833 -270.46150 0.30683 0.31046 0.31191 0.31766 0.30683 0.31046 0.31191 0.31766 0.30683 0.31046 0.31191 0.31766 0.30683 0.31046 0.31191 0.31766
                1              14             -99         ZDC_RPD -0.50000 -0.66002 18.71833 -270.46150 -0.50000 -0.66002 18.71833 -270.46150 -0.50000 -0.66002 18.71833 -270.46150 -0.50000 -0.66002 18.71833 -270.46150 0.30683 0.31046 0.31191 0.31766 0.30683 0.31046 0.31191 0.31766 0.30683 0.31046 0.31191 0.31766 0.30683 0.31046 0.31191 0.31766
                1              15             -99         ZDC_RPD -0.50000 -0.66002 18.71833 -270.46150 -0.50000 -0.66002 18.71833 -270.46150 -0.50000 -0.66002 18.71833 -270.46150 -0.50000 -0.66002 18.71833 -270.46150 0.30683 0.31046 0.31191 0.31766 0.30683 0.31046 0.31191 0.31766 0.30683 0.31046 0.31191 0.31766 0.30683 0.31046 0.31191 0.31766
                1              16             -99         ZDC_RPD -0.50000 -0.66002 18.71833 -270.46150 -0.50000 -0.66002 18.71833 -270.46150 -0.50000 -0.66002 18.71833 -270.46150 -0.50000 -0.66002 18.71833 -270.46150 0.30683 0.31046 0.31191 0.31766 0.30683 0.31046 0.31191 0.31766 0.30683 0.31046 0.31191 0.31766 0.30683 0.31046 0.31191 0.31766
               -1               1             -99         ZDC_LUM  0. 0. 0. 0. 0. 0. 0. 0. 0. 0. 0. 0. 0. 0. 0. 0. 0. 0. 0. 0. 0. 0. 0. 0. 0. 0. 0. 0. 0. 0. 0. 0.
               -1               2             -99         ZDC_LUM  0. 0. 0. 0. 0. 0. 0. 0. 0. 0. 0. 0. 0. 0. 0. 0. 0. 0. 0. 0. 0. 0. 0. 0. 0. 0. 0. 0. 0. 0. 0. 0.
                1               1             -99         ZDC_LUM  0. 0. 0. 0. 0. 0. 0. 0. 0. 0. 0. 0. 0. 0. 0. 0. 0. 0. 0. 0. 0. 0. 0. 0. 0. 0. 0. 0. 0. 0. 0. 0.
                1               2             -99         ZDC_LUM  0. 0. 0. 0. 0. 0. 0. 0. 0. 0. 0. 0. 0. 0. 0. 0. 0. 0. 0. 0. 0. 0. 0. 0. 0. 0. 0. 0. 0. 0. 0. 0.
