               -1               1             -99          ZDC_EM 15.00000   54000111
               -1               2             -99          ZDC_EM 15.00000   54000112
               -1               3             -99          ZDC_EM 15.00000   54000113
               -1               4             -99          ZDC_EM 15.00000   54000114
               -1               5             -99          ZDC_EM 15.00000   54000115
               -1               1             -99         ZDC_HAD 15.00000   54000121
               -1               2             -99         ZDC_HAD 15.00000   54000122
               -1               3             -99         ZDC_HAD 15.00000   54000123
               -1               4             -99         ZDC_HAD 15.00000   54000124
                1               1             -99          ZDC_EM 15.00000   54000151
                1               2             -99          ZDC_EM 15.00000   54000152
                1               3             -99          ZDC_EM 15.00000   54000153
                1               4             -99          ZDC_EM 15.00000   54000154
                1               5             -99          ZDC_EM 15.00000   54000155
                1               1             -99         ZDC_HAD 15.00000   54000161
                1               2             -99         ZDC_HAD 15.00000   54000162
                1               3             -99         ZDC_HAD 15.00000   54000163
                1               4             -99         ZDC_HAD 15.00000   54000164
               -1               1             -99         ZDC_RPD 15.00000   54000180
               -1               2             -99         ZDC_RPD 15.00000   54000181
               -1               3             -99         ZDC_RPD 15.00000   54000182
               -1               4             -99         ZDC_RPD 15.00000   54000183
               -1               5             -99         ZDC_RPD 15.00000   54000184
               -1               6             -99         ZDC_RPD 15.00000   54000185
               -1               7             -99         ZDC_RPD 15.00000   54000186
               -1               8             -99         ZDC_RPD 15.00000   54000187
               -1               9             -99         ZDC_RPD 15.00000   54000188
               -1              10             -99         ZDC_RPD 15.00000   54000189
               -1              11             -99         ZDC_RPD 15.00000   5400018A
               -1              12             -99         ZDC_RPD 15.00000   5400018B
               -1              13             -99         ZDC_RPD 15.00000   5400018C
               -1              14             -99         ZDC_RPD 15.00000   5400018D
               -1              15             -99         ZDC_RPD 15.00000   5400018E
               -1              16             -99         ZDC_RPD 15.00000   5400018F
                1               1             -99         ZDC_RPD 15.00000   540001C0
                1               2             -99         ZDC_RPD 15.00000   540001C1
                1               3             -99         ZDC_RPD 15.00000   540001C2
                1               4             -99         ZDC_RPD 15.00000   540001C3
                1               5             -99         ZDC_RPD 15.00000   540001C4
                1               6             -99         ZDC_RPD 15.00000   540001C5
                1               7             -99         ZDC_RPD 15.00000   540001C6
                1               8             -99         ZDC_RPD 15.00000   540001C7
                1               9             -99         ZDC_RPD 15.00000   540001C8
                1              10             -99         ZDC_RPD 15.00000   540001C9
                1              11             -99         ZDC_RPD 15.00000   540001CA
                1              12             -99         ZDC_RPD 15.00000   540001CB
                1              13             -99         ZDC_RPD 15.00000   540001CC
                1              14             -99         ZDC_RPD 15.00000   540001CD
                1              15             -99         ZDC_RPD 15.00000   540001CE
                1              16             -99         ZDC_RPD 15.00000   540001CF
               -1               1             -99         ZDC_LUM  0.0  54000131
               -1               2             -99         ZDC_LUM  0.0  54000132
                1               1             -99         ZDC_LUM  0.0  54000171
                1               2             -99         ZDC_LUM  0.0  54000172
