               -1               1             -99          ZDC_EM               0         2883614              97               0 
               -1               2             -99          ZDC_EM               0         2883614              97               0 
               -1               3             -99          ZDC_EM               0         2883614              97               0 
               -1               4             -99          ZDC_EM               0         2883614              97               0 
               -1               5             -99          ZDC_EM               0         2883614              97               0 
               -1               1             -99         ZDC_HAD               0         2883614              97               0 
               -1               2             -99         ZDC_HAD               0         2883614              97               0 
               -1               3             -99         ZDC_HAD               0         2883614              97               0 
               -1               4             -99         ZDC_HAD               0         2883614              97               0 
                1               1             -99          ZDC_EM               0         2883614              97               0 
                1               2             -99          ZDC_EM               0         2883614              97               0 
                1               3             -99          ZDC_EM               0         2883614              97               0 
                1               4             -99          ZDC_EM               0         2883614              97               0 
                1               5             -99          ZDC_EM               0         2883614              97               0 
                1               1             -99         ZDC_HAD               0         2883614              97               0 
                1               2             -99         ZDC_HAD               0         2883614              97               0 
                1               3             -99         ZDC_HAD               0         2883614              97               0 
                1               4             -99         ZDC_HAD               0         2883614              97               0 
               -1               1             -99         ZDC_RPD               0         2883614               0               0 
               -1               2             -99         ZDC_RPD               0         2883614               0               0 
               -1               3             -99         ZDC_RPD               0         2883614               0               0 
               -1               4             -99         ZDC_RPD               0         2883614               0               0 
               -1               5             -99         ZDC_RPD               0         2883614               0               0 
               -1               6             -99         ZDC_RPD               0         2883614               0               0 
               -1               7             -99         ZDC_RPD               0         2883614               0               0 
               -1               8             -99         ZDC_RPD               0         2883614               0               0 
               -1               9             -99         ZDC_RPD               0         2883614               0               0 
               -1              10             -99         ZDC_RPD               0         2883614               0               0 
               -1              11             -99         ZDC_RPD               0         2883614               0               0 
               -1              12             -99         ZDC_RPD               0         2883614               0               0 
               -1              13             -99         ZDC_RPD               0         2883614               0               0 
               -1              14             -99         ZDC_RPD               0         2883614               0               0 
               -1              15             -99         ZDC_RPD               0         2883614               0               0 
               -1              16             -99         ZDC_RPD               0         2883614               0               0 
                1               1             -99         ZDC_RPD               0         2883614               0               0 
                1               2             -99         ZDC_RPD               0         2883614               0               0 
                1               3             -99         ZDC_RPD               0         2883614               0               0 
                1               4             -99         ZDC_RPD               0         2883614               0               0 
                1               5             -99         ZDC_RPD               0         2883614               0               0 
                1               6             -99         ZDC_RPD               0         2883614               0               0 
                1               7             -99         ZDC_RPD               0         2883614               0               0 
                1               8             -99         ZDC_RPD               0         2883614               0               0 
                1               9             -99         ZDC_RPD               0         2883614               0               0 
                1              10             -99         ZDC_RPD               0         2883614               0               0 
                1              11             -99         ZDC_RPD               0         2883614               0               0 
                1              12             -99         ZDC_RPD               0         2883614               0               0 
                1              13             -99         ZDC_RPD               0         2883614               0               0 
                1              14             -99         ZDC_RPD               0         2883614               0               0 
                1              15             -99         ZDC_RPD               0         2883614               0               0 
                1              16             -99         ZDC_RPD               0         2883614               0               0 
               -1               1             -99         ZDC_LUM               0         2883614               0               0
               -1               2             -99         ZDC_LUM               0         2883614               0               0
                1               1             -99         ZDC_LUM               0         2883614               0               0
                1               2             -99         ZDC_LUM               0         2883614               0               0
